Accuracy of the network on the 10000 test images: 100 %
[1,     5] loss: 0.467
[1,    10] loss: 0.017
[1,    15] loss: 0.001
[1,    20] loss: 0.000
[1,    25] loss: 0.000
[1,    30] loss: 0.000
[2,     5] loss: 0.000
[2,    10] loss: 0.000
[2,    15] loss: 0.000
[2,    20] loss: 0.000
[2,    25] loss: 0.000
[2,    30] loss: 0.000
[3,     5] loss: 0.000
[3,    10] loss: 0.000
[3,    15] loss: 0.000
[3,    20] loss: 0.000
[3,    25] loss: 0.000
[3,    30] loss: 0.000
[4,     5] loss: 0.000
[4,    10] loss: 0.000
[4,    15] loss: 0.000
[4,    20] loss: 0.000
[4,    25] loss: 0.000
[4,    30] loss: 0.000
[5,     5] loss: 0.000
[5,    10] loss: 0.000
[5,    15] loss: 0.000
[5,    20] loss: 0.000
[5,    25] loss: 0.000
[5,    30] loss: 0.000
[6,     5] loss: 0.000
[6,    10] loss: 0.000
[6,    15] loss: 0.000
[6,    20] loss: 0.000
[6,    25] loss: 0.000
[6,    30] loss: 0.000
[7,     5] loss: 0.000
[7,    10] loss: 0.000
[7,    15] loss: 0.000
[7,    20] loss: 0.000
[7,    25] loss: 0.000
[7,    30] loss: 0.000
[8,     5] loss: 0.000
[8,    10] loss: 0.000
[8,    15] loss: 0.000
[8,    20] loss: 0.000
[8,    25] loss: 0.000
[8,    30] loss: 0.000
[9,     5] loss: 0.000
[9,    10] loss: 0.000
[9,    15] loss: 0.000
[9,    20] loss: 0.000
[9,    25] loss: 0.000
[9,    30] loss: 0.000
[10,     5] loss: 0.000
[10,    10] loss: 0.000
[10,    15] loss: 0.000
[10,    20] loss: 0.000
[10,    25] loss: 0.000
[10,    30] loss: 0.000
[11,     5] loss: 0.000
[11,    10] loss: 0.000
[11,    15] loss: 0.000
[11,    20] loss: 0.000
[11,    25] loss: 0.000
[11,    30] loss: 0.000
[12,     5] loss: 0.000
[12,    10] loss: 0.000
[12,    15] loss: 0.000
[12,    20] loss: 0.000
[12,    25] loss: 0.000
[12,    30] loss: 0.000
[13,     5] loss: 0.000
[13,    10] loss: 0.000
[13,    15] loss: 0.000
[13,    20] loss: 0.000
[13,    25] loss: 0.000
[13,    30] loss: 0.000
[14,     5] loss: 0.000
[14,    10] loss: 0.000
[14,    15] loss: 0.000
[14,    20] loss: 0.000
[14,    25] loss: 0.000
[14,    30] loss: 0.000
[15,     5] loss: 0.000
[15,    10] loss: 0.000
[15,    15] loss: 0.000
[15,    20] loss: 0.000
[15,    25] loss: 0.000
[15,    30] loss: 0.000
[16,     5] loss: 0.000
[16,    10] loss: 0.000
[16,    15] loss: 0.000
[16,    20] loss: 0.000
[16,    25] loss: 0.000
[16,    30] loss: 0.000
[17,     5] loss: 0.000
[17,    10] loss: 0.000
[17,    15] loss: 0.000
[17,    20] loss: 0.000
[17,    25] loss: 0.000
[17,    30] loss: 0.000
[18,     5] loss: 0.000
[18,    10] loss: 0.000
[18,    15] loss: 0.000
[18,    20] loss: 0.000
[18,    25] loss: 0.000
[18,    30] loss: 0.000
[19,     5] loss: 0.000
[19,    10] loss: 0.000
[19,    15] loss: 0.000
[19,    20] loss: 0.000
[19,    25] loss: 0.000
[19,    30] loss: 0.000
[20,     5] loss: 0.000
[20,    10] loss: 0.000
[20,    15] loss: 0.000
[20,    20] loss: 0.000
[20,    25] loss: 0.000
[20,    30] loss: 0.000
[21,     5] loss: 0.000
[21,    10] loss: 0.000
[21,    15] loss: 0.000
[21,    20] loss: 0.000
[21,    25] loss: 0.000
[21,    30] loss: 0.000
[22,     5] loss: 0.000
[22,    10] loss: 0.000
[22,    15] loss: 0.000
[22,    20] loss: 0.000
[22,    25] loss: 0.000
[22,    30] loss: 0.000
[23,     5] loss: 0.000
[23,    10] loss: 0.000
[23,    15] loss: 0.000
[23,    20] loss: 0.000
[23,    25] loss: 0.000
[23,    30] loss: 0.000
[24,     5] loss: 0.000
[24,    10] loss: 0.000
[24,    15] loss: 0.000
[24,    20] loss: 0.000
[24,    25] loss: 0.000
[24,    30] loss: 0.000
[25,     5] loss: 0.000
[25,    10] loss: 0.000
[25,    15] loss: 0.000
[25,    20] loss: 0.000
[25,    25] loss: 0.000
[25,    30] loss: 0.000
[26,     5] loss: 0.000
[26,    10] loss: 0.000
[26,    15] loss: 0.000
[26,    20] loss: 0.000
[26,    25] loss: 0.000
[26,    30] loss: 0.000
[27,     5] loss: 0.000
[27,    10] loss: 0.000
[27,    15] loss: 0.000
[27,    20] loss: 0.000
[27,    25] loss: 0.000
[27,    30] loss: 0.000
[28,     5] loss: 0.000
[28,    10] loss: 0.000
[28,    15] loss: 0.000
[28,    20] loss: 0.000
[28,    25] loss: 0.000
[28,    30] loss: 0.000
[29,     5] loss: 0.000
[29,    10] loss: 0.000
[29,    15] loss: 0.000
[29,    20] loss: 0.000
[29,    25] loss: 0.000
[29,    30] loss: 0.000
[30,     5] loss: 0.000
[30,    10] loss: 0.000
[30,    15] loss: 0.000
[30,    20] loss: 0.000
[30,    25] loss: 0.000
[30,    30] loss: 0.000
[31,     5] loss: 0.000
[31,    10] loss: 0.000
[31,    15] loss: 0.000
[31,    20] loss: 0.000
[31,    25] loss: 0.000
[31,    30] loss: 0.000
[32,     5] loss: 0.000
[32,    10] loss: 0.000
[32,    15] loss: 0.000
[32,    20] loss: 0.000
[32,    25] loss: 0.000
[32,    30] loss: 0.000
[33,     5] loss: 0.000
[33,    10] loss: 0.000
[33,    15] loss: 0.000
[33,    20] loss: 0.000
[33,    25] loss: 0.000
[33,    30] loss: 0.000
[34,     5] loss: 0.000
[34,    10] loss: 0.000
[34,    15] loss: 0.000
[34,    20] loss: 0.000
[34,    25] loss: 0.000
[34,    30] loss: 0.000
[35,     5] loss: 0.000
[35,    10] loss: 0.000
[35,    15] loss: 0.000
[35,    20] loss: 0.000
[35,    25] loss: 0.000
[35,    30] loss: 0.000
[36,     5] loss: 0.000
[36,    10] loss: 0.000
[36,    15] loss: 0.000
[36,    20] loss: 0.000
[36,    25] loss: 0.000
[36,    30] loss: 0.000
[37,     5] loss: 0.000
[37,    10] loss: 0.000
[37,    15] loss: 0.000
[37,    20] loss: 0.000
[37,    25] loss: 0.000
[37,    30] loss: 0.000
[38,     5] loss: 0.000
[38,    10] loss: 0.000
[38,    15] loss: 0.000
[38,    20] loss: 0.000
[38,    25] loss: 0.000
[38,    30] loss: 0.000
[39,     5] loss: 0.000
[39,    10] loss: 0.000
[39,    15] loss: 0.000
[39,    20] loss: 0.000
[39,    25] loss: 0.000
[39,    30] loss: 0.000
[40,     5] loss: 0.000
[40,    10] loss: 0.000
[40,    15] loss: 0.000
[40,    20] loss: 0.000
[40,    25] loss: 0.000
[40,    30] loss: 0.000
[41,     5] loss: 0.000
[41,    10] loss: 0.000
[41,    15] loss: 0.000
[41,    20] loss: 0.000
[41,    25] loss: 0.000
[41,    30] loss: 0.000
[42,     5] loss: 0.000
[42,    10] loss: 0.000
[42,    15] loss: 0.000
[42,    20] loss: 0.000
[42,    25] loss: 0.000
[42,    30] loss: 0.000
[43,     5] loss: 0.000
[43,    10] loss: 0.000
[43,    15] loss: 0.000
[43,    20] loss: 0.000
[43,    25] loss: 0.000
[43,    30] loss: 0.000
[44,     5] loss: 0.000
[44,    10] loss: 0.000
[44,    15] loss: 0.000
[44,    20] loss: 0.000
[44,    25] loss: 0.000
[44,    30] loss: 0.000
[45,     5] loss: 0.000
[45,    10] loss: 0.000
[45,    15] loss: 0.000
[45,    20] loss: 0.000
[45,    25] loss: 0.000
[45,    30] loss: 0.000
[46,     5] loss: 0.000
[46,    10] loss: 0.000
[46,    15] loss: 0.000
[46,    20] loss: 0.000
[46,    25] loss: 0.000
[46,    30] loss: 0.000
[47,     5] loss: 0.000
[47,    10] loss: 0.000
[47,    15] loss: 0.000
[47,    20] loss: 0.000
[47,    25] loss: 0.000
[47,    30] loss: 0.000
[48,     5] loss: 0.000
[48,    10] loss: 0.000
[48,    15] loss: 0.000
[48,    20] loss: 0.000
[48,    25] loss: 0.000
[48,    30] loss: 0.000
[49,     5] loss: 0.000
[49,    10] loss: 0.000
[49,    15] loss: 0.000
[49,    20] loss: 0.000
[49,    25] loss: 0.000
[49,    30] loss: 0.000
[50,     5] loss: 0.000
[50,    10] loss: 0.000
[50,    15] loss: 0.000
[50,    20] loss: 0.000
[50,    25] loss: 0.000
[50,    30] loss: 0.000
[51,     5] loss: 0.000
[51,    10] loss: 0.000
[51,    15] loss: 0.000
[51,    20] loss: 0.000
[51,    25] loss: 0.000
[51,    30] loss: 0.000
[52,     5] loss: 0.000
[52,    10] loss: 0.000
[52,    15] loss: 0.000
[52,    20] loss: 0.000
[52,    25] loss: 0.000
[52,    30] loss: 0.000
[53,     5] loss: 0.000
[53,    10] loss: 0.000
[53,    15] loss: 0.000
[53,    20] loss: 0.000
[53,    25] loss: 0.000
[53,    30] loss: 0.000
[54,     5] loss: 0.000
[54,    10] loss: 0.000
[54,    15] loss: 0.000
[54,    20] loss: 0.000
[54,    25] loss: 0.000
[54,    30] loss: 0.000
[55,     5] loss: 0.000
[55,    10] loss: 0.000
[55,    15] loss: 0.000
[55,    20] loss: 0.000
[55,    25] loss: 0.000
[55,    30] loss: 0.000
[56,     5] loss: 0.000
[56,    10] loss: 0.000
[56,    15] loss: 0.000
[56,    20] loss: 0.000
[56,    25] loss: 0.000
[56,    30] loss: 0.000
[57,     5] loss: 0.000
[57,    10] loss: 0.000
[57,    15] loss: 0.000
[57,    20] loss: 0.000
[57,    25] loss: 0.000
[57,    30] loss: 0.000
[58,     5] loss: 0.000
[58,    10] loss: 0.000
[58,    15] loss: 0.000
[58,    20] loss: 0.000
[58,    25] loss: 0.000
[58,    30] loss: 0.000
[59,     5] loss: 0.000
[59,    10] loss: 0.000
[59,    15] loss: 0.000
[59,    20] loss: 0.000
[59,    25] loss: 0.000
[59,    30] loss: 0.000
[60,     5] loss: 0.000
[60,    10] loss: 0.000
[60,    15] loss: 0.000
[60,    20] loss: 0.000
[60,    25] loss: 0.000
[60,    30] loss: 0.000
[61,     5] loss: 0.000
[61,    10] loss: 0.000
[61,    15] loss: 0.000
[61,    20] loss: 0.000
[61,    25] loss: 0.000
[61,    30] loss: 0.000
[62,     5] loss: 0.000
[62,    10] loss: 0.000
[62,    15] loss: 0.000
[62,    20] loss: 0.000
[62,    25] loss: 0.000
[62,    30] loss: 0.000
[63,     5] loss: 0.000
[63,    10] loss: 0.000
[63,    15] loss: 0.000
[63,    20] loss: 0.000
[63,    25] loss: 0.000
[63,    30] loss: 0.000
[64,     5] loss: 0.000
[64,    10] loss: 0.000
[64,    15] loss: 0.000
[64,    20] loss: 0.000
[64,    25] loss: 0.000
[64,    30] loss: 0.000
[65,     5] loss: 0.000
[65,    10] loss: 0.000
[65,    15] loss: 0.000
[65,    20] loss: 0.000
[65,    25] loss: 0.000
[65,    30] loss: 0.000
[66,     5] loss: 0.000
[66,    10] loss: 0.000
[66,    15] loss: 0.000
[66,    20] loss: 0.000
[66,    25] loss: 0.000
[66,    30] loss: 0.000
[67,     5] loss: 0.000
[67,    10] loss: 0.000
[67,    15] loss: 0.000
[67,    20] loss: 0.000
[67,    25] loss: 0.000
[67,    30] loss: 0.000
[68,     5] loss: 0.000
[68,    10] loss: 0.000
[68,    15] loss: 0.000
[68,    20] loss: 0.000
[68,    25] loss: 0.000
[68,    30] loss: 0.000
[69,     5] loss: 0.000
[69,    10] loss: 0.000
[69,    15] loss: 0.000
[69,    20] loss: 0.000
[69,    25] loss: 0.000
[69,    30] loss: 0.000
[70,     5] loss: 0.000
[70,    10] loss: 0.000
[70,    15] loss: 0.000
[70,    20] loss: 0.000
[70,    25] loss: 0.000
[70,    30] loss: 0.000
[71,     5] loss: 0.000
[71,    10] loss: 0.000
[71,    15] loss: 0.000
[71,    20] loss: 0.000
[71,    25] loss: 0.000
[71,    30] loss: 0.000
[72,     5] loss: 0.000
[72,    10] loss: 0.000
[72,    15] loss: 0.000
[72,    20] loss: 0.000
[72,    25] loss: 0.000
[72,    30] loss: 0.000
[73,     5] loss: 0.000
[73,    10] loss: 0.000
[73,    15] loss: 0.000
[73,    20] loss: 0.000
[73,    25] loss: 0.000
[73,    30] loss: 0.000
[74,     5] loss: 0.000
[74,    10] loss: 0.000
[74,    15] loss: 0.000
[74,    20] loss: 0.000
[74,    25] loss: 0.000
[74,    30] loss: 0.000
[75,     5] loss: 0.000
[75,    10] loss: 0.000
[75,    15] loss: 0.000
[75,    20] loss: 0.000
[75,    25] loss: 0.000
[75,    30] loss: 0.000
[76,     5] loss: 0.000
[76,    10] loss: 0.000
[76,    15] loss: 0.000
[76,    20] loss: 0.000
[76,    25] loss: 0.000
[76,    30] loss: 0.000
[77,     5] loss: 0.000
[77,    10] loss: 0.000
[77,    15] loss: 0.000
[77,    20] loss: 0.000
[77,    25] loss: 0.000
[77,    30] loss: 0.000
[78,     5] loss: 0.000
[78,    10] loss: 0.000
[78,    15] loss: 0.000
[78,    20] loss: 0.000
[78,    25] loss: 0.000
[78,    30] loss: 0.000
[79,     5] loss: 0.000
[79,    10] loss: 0.000
[79,    15] loss: 0.000
[79,    20] loss: 0.000
[79,    25] loss: 0.000
[79,    30] loss: 0.000
[80,     5] loss: 0.000
[80,    10] loss: 0.000
[80,    15] loss: 0.000
[80,    20] loss: 0.000
[80,    25] loss: 0.000
[80,    30] loss: 0.000
[81,     5] loss: 0.000
[81,    10] loss: 0.000
[81,    15] loss: 0.000
[81,    20] loss: 0.000
[81,    25] loss: 0.000
[81,    30] loss: 0.000
[82,     5] loss: 0.000
[82,    10] loss: 0.000
[82,    15] loss: 0.000
[82,    20] loss: 0.000
[82,    25] loss: 0.000
[82,    30] loss: 0.000
[83,     5] loss: 0.000
[83,    10] loss: 0.000
[83,    15] loss: 0.000
[83,    20] loss: 0.000
[83,    25] loss: 0.000
[83,    30] loss: 0.000
[84,     5] loss: 0.000
[84,    10] loss: 0.000
[84,    15] loss: 0.000
[84,    20] loss: 0.000
[84,    25] loss: 0.000
[84,    30] loss: 0.000
[85,     5] loss: 0.000
[85,    10] loss: 0.000
[85,    15] loss: 0.000
[85,    20] loss: 0.000
[85,    25] loss: 0.000
[85,    30] loss: 0.000
[86,     5] loss: 0.000
[86,    10] loss: 0.000
[86,    15] loss: 0.000
[86,    20] loss: 0.000
[86,    25] loss: 0.000
[86,    30] loss: 0.000
[87,     5] loss: 0.000
[87,    10] loss: 0.000
[87,    15] loss: 0.000
[87,    20] loss: 0.000
[87,    25] loss: 0.000
[87,    30] loss: 0.000
[88,     5] loss: 0.000
[88,    10] loss: 0.000
[88,    15] loss: 0.000
[88,    20] loss: 0.000
[88,    25] loss: 0.000
[88,    30] loss: 0.000
[89,     5] loss: 0.000
[89,    10] loss: 0.000
[89,    15] loss: 0.000
[89,    20] loss: 0.000
[89,    25] loss: 0.000
[89,    30] loss: 0.000
[90,     5] loss: 0.000
[90,    10] loss: 0.000
[90,    15] loss: 0.000
[90,    20] loss: 0.000
[90,    25] loss: 0.000
[90,    30] loss: 0.000
[91,     5] loss: 0.000
[91,    10] loss: 0.000
[91,    15] loss: 0.000
[91,    20] loss: 0.000
[91,    25] loss: 0.000
[91,    30] loss: 0.000
[92,     5] loss: 0.000
[92,    10] loss: 0.000
[92,    15] loss: 0.000
[92,    20] loss: 0.000
[92,    25] loss: 0.000
[92,    30] loss: 0.000
[93,     5] loss: 0.000
[93,    10] loss: 0.000
[93,    15] loss: 0.000
[93,    20] loss: 0.000
[93,    25] loss: 0.000
[93,    30] loss: 0.000
[94,     5] loss: 0.000
[94,    10] loss: 0.000
[94,    15] loss: 0.000
[94,    20] loss: 0.000
[94,    25] loss: 0.000
[94,    30] loss: 0.000
[95,     5] loss: 0.000
[95,    10] loss: 0.000
[95,    15] loss: 0.000
[95,    20] loss: 0.000
[95,    25] loss: 0.000
[95,    30] loss: 0.000
[96,     5] loss: 0.000
[96,    10] loss: 0.000
[96,    15] loss: 0.000
[96,    20] loss: 0.000
[96,    25] loss: 0.000
[96,    30] loss: 0.000
[97,     5] loss: 0.000
[97,    10] loss: 0.000
[97,    15] loss: 0.000
[97,    20] loss: 0.000
[97,    25] loss: 0.000
[97,    30] loss: 0.000
[98,     5] loss: 0.000
[98,    10] loss: 0.000
[98,    15] loss: 0.000
[98,    20] loss: 0.000
[98,    25] loss: 0.000
[98,    30] loss: 0.000
[99,     5] loss: 0.000
[99,    10] loss: 0.000
[99,    15] loss: 0.000
[99,    20] loss: 0.000
[99,    25] loss: 0.000
[99,    30] loss: 0.000
[100,     5] loss: 0.000
[100,    10] loss: 0.000
[100,    15] loss: 0.000
[100,    20] loss: 0.000
[100,    25] loss: 0.000
[100,    30] loss: 0.000
Accuracy of the network on the 30 test images: 100 %
[1,     5] loss: 0.618
[1,    10] loss: 0.012
[1,    15] loss: 0.000
[1,    20] loss: 0.000
[1,    25] loss: 0.000
[1,    30] loss: 0.000
Accuracy of the network on the 30 test images: 100 %
[1,     5] loss: 0.538
[1,    10] loss: 0.012
[1,    15] loss: 0.001
[1,    20] loss: 0.000
[1,    25] loss: 0.000
[1,    30] loss: 0.000
Accuracy of the network on the 30 test images: 100 %
[1,     5] loss: 0.446
[1,    10] loss: 0.015
[1,    15] loss: 0.001
[1,    20] loss: 0.000
[1,    25] loss: 0.000
[1,    30] loss: 0.000
[2,     5] loss: 0.000
[2,    10] loss: 0.000
[2,    15] loss: 0.000
[2,    20] loss: 0.000
[2,    25] loss: 0.000
[2,    30] loss: 0.000
[3,     5] loss: 0.000
[3,    10] loss: 0.000
[3,    15] loss: 0.000
[3,    20] loss: 0.000
[3,    25] loss: 0.000
[3,    30] loss: 0.000
[4,     5] loss: 0.000
[4,    10] loss: 0.000
[4,    15] loss: 0.000
[4,    20] loss: 0.000
[4,    25] loss: 0.000
[4,    30] loss: 0.000
[5,     5] loss: 0.000
[5,    10] loss: 0.000
[5,    15] loss: 0.000
[5,    20] loss: 0.000
[5,    25] loss: 0.000
[5,    30] loss: 0.000
[6,     5] loss: 0.000
[6,    10] loss: 0.000
[6,    15] loss: 0.000
[6,    20] loss: 0.000
[6,    25] loss: 0.000
[6,    30] loss: 0.000
[7,     5] loss: 0.000
[7,    10] loss: 0.000
[7,    15] loss: 0.000
[7,    20] loss: 0.000
[7,    25] loss: 0.000
[7,    30] loss: 0.000
[8,     5] loss: 0.000
[8,    10] loss: 0.000
[8,    15] loss: 0.000
[8,    20] loss: 0.000
[8,    25] loss: 0.000
[8,    30] loss: 0.000
[9,     5] loss: 0.000
[9,    10] loss: 0.000
[9,    15] loss: 0.000
[9,    20] loss: 0.000
[9,    25] loss: 0.000
[9,    30] loss: 0.000
[10,     5] loss: 0.000
[10,    10] loss: 0.000
[10,    15] loss: 0.000
[10,    20] loss: 0.000
[10,    25] loss: 0.000
[10,    30] loss: 0.000
Accuracy of the network on the 30 test images: 100 %
[1,     5] loss: 0.628
[1,    10] loss: 0.011
[1,    15] loss: 0.000
[1,    20] loss: 0.000
[1,    25] loss: 0.000
[1,    30] loss: 0.000
Accuracy of the network on the 30 test images: 100 %
[1,     5] loss: 0.529
[1,    10] loss: 0.013
[1,    15] loss: 0.001
[1,    20] loss: 0.000
[1,    25] loss: 0.000
[1,    30] loss: 0.000
[1,     5] loss: 0.768
[1,    10] loss: 0.010
[1,    15] loss: 0.000
[1,    20] loss: 0.000
[1,    25] loss: 0.000
[1,    30] loss: 0.000
Accuracy of the network on the 30 test images: 100 %
[1,     5] loss: 0.423
[1,    10] loss: 0.016
[1,    15] loss: 0.001
[1,    20] loss: 0.000
[1,    25] loss: 0.000
[1,    30] loss: 0.000
Accuracy of the network on the 30 test images: 100 %
[1,     5] loss: 1.088
[1,    10] loss: 1.175
[1,    15] loss: 1.057
[1,    20] loss: 1.084
[1,    25] loss: 1.151
[1,    30] loss: 1.085
[2,     5] loss: 0.915
[2,    10] loss: 1.035
[2,    15] loss: 0.640
[2,    20] loss: 0.826
[2,    25] loss: 0.892
[2,    30] loss: 0.934
[3,     5] loss: 0.970
[3,    10] loss: 0.653
[3,    15] loss: 0.652
[3,    20] loss: 0.591
[3,    25] loss: 0.904
[3,    30] loss: 0.640
[4,     5] loss: 0.543
[4,    10] loss: 0.646
[4,    15] loss: 0.651
[4,    20] loss: 0.624
[4,    25] loss: 0.515
[4,    30] loss: 0.644
[5,     5] loss: 0.477
[5,    10] loss: 0.416
[5,    15] loss: 0.411
[5,    20] loss: 0.781
[5,    25] loss: 0.605
[5,    30] loss: 0.790
[6,     5] loss: 0.417
[6,    10] loss: 0.599
[6,    15] loss: 0.325
[6,    20] loss: 0.461
[6,    25] loss: 0.318
[6,    30] loss: 0.573
[7,     5] loss: 0.367
[7,    10] loss: 0.363
[7,    15] loss: 0.596
[7,    20] loss: 0.391
[7,    25] loss: 0.437
[7,    30] loss: 0.526
[8,     5] loss: 0.378
[8,    10] loss: 0.252
[8,    15] loss: 0.469
[8,    20] loss: 0.417
[8,    25] loss: 0.340
[8,    30] loss: 0.420
[9,     5] loss: 0.246
[9,    10] loss: 0.280
[9,    15] loss: 0.519
[9,    20] loss: 0.470
[9,    25] loss: 0.287
[9,    30] loss: 0.383
[10,     5] loss: 0.363
[10,    10] loss: 0.784
[10,    15] loss: 0.513
[10,    20] loss: 0.729
[10,    25] loss: 0.246
[10,    30] loss: 0.897
[11,     5] loss: 0.556
[11,    10] loss: 0.498
[11,    15] loss: 0.422
[11,    20] loss: 0.583
[11,    25] loss: 0.396
[11,    30] loss: 0.353
[12,     5] loss: 0.273
[12,    10] loss: 0.177
[12,    15] loss: 0.327
[12,    20] loss: 0.564
[12,    25] loss: 0.446
[12,    30] loss: 0.651
[13,     5] loss: 0.669
[13,    10] loss: 0.742
[13,    15] loss: 0.615
[13,    20] loss: 0.219
[13,    25] loss: 0.725
[13,    30] loss: 0.446
[14,     5] loss: 0.241
[14,    10] loss: 0.465
[14,    15] loss: 0.464
[14,    20] loss: 0.483
[14,    25] loss: 0.798
[14,    30] loss: 0.321
[15,     5] loss: 0.582
[15,    10] loss: 0.336
[15,    15] loss: 0.261
[15,    20] loss: 0.377
[15,    25] loss: 0.344
[15,    30] loss: 0.536
[16,     5] loss: 0.393
[16,    10] loss: 0.488
[16,    15] loss: 0.083
[16,    20] loss: 0.479
[16,    25] loss: 0.148
[16,    30] loss: 0.639
[17,     5] loss: 0.190
[17,    10] loss: 0.415
[17,    15] loss: 0.648
[17,    20] loss: 0.410
[17,    25] loss: 0.505
[17,    30] loss: 0.467
[18,     5] loss: 0.366
[18,    10] loss: 0.252
[18,    15] loss: 0.287
[18,    20] loss: 0.343
[18,    25] loss: 0.301
[18,    30] loss: 0.338
[19,     5] loss: 0.291
[19,    10] loss: 0.339
[19,    15] loss: 0.261
[19,    20] loss: 0.309
[19,    25] loss: 0.389
[19,    30] loss: 0.219
[20,     5] loss: 0.367
[20,    10] loss: 0.121
[20,    15] loss: 0.268
[20,    20] loss: 0.553
[20,    25] loss: 0.711
[20,    30] loss: 0.448
[21,     5] loss: 0.201
[21,    10] loss: 0.257
[21,    15] loss: 0.445
[21,    20] loss: 0.163
[21,    25] loss: 0.332
[21,    30] loss: 0.279
[22,     5] loss: 0.298
[22,    10] loss: 0.261
[22,    15] loss: 0.400
[22,    20] loss: 0.209
[22,    25] loss: 0.316
[22,    30] loss: 0.197
[23,     5] loss: 0.504
[23,    10] loss: 0.135
[23,    15] loss: 0.281
[23,    20] loss: 0.209
[23,    25] loss: 0.353
[23,    30] loss: 0.136
[24,     5] loss: 0.299
[24,    10] loss: 0.285
[24,    15] loss: 0.105
[24,    20] loss: 0.296
[24,    25] loss: 0.219
[24,    30] loss: 0.167
[25,     5] loss: 0.244
[25,    10] loss: 0.351
[25,    15] loss: 0.260
[25,    20] loss: 0.350
[25,    25] loss: 0.608
[25,    30] loss: 0.180
[26,     5] loss: 0.303
[26,    10] loss: 0.336
[26,    15] loss: 0.302
[26,    20] loss: 0.307
[26,    25] loss: 0.253
[26,    30] loss: 0.236
[27,     5] loss: 0.287
[27,    10] loss: 0.361
[27,    15] loss: 0.439
[27,    20] loss: 0.430
[27,    25] loss: 0.267
[27,    30] loss: 0.376
[28,     5] loss: 0.475
[28,    10] loss: 0.627
[28,    15] loss: 0.248
[28,    20] loss: 0.473
[28,    25] loss: 0.571
[28,    30] loss: 0.264
[29,     5] loss: 0.157
[29,    10] loss: 0.289
[29,    15] loss: 0.262
[29,    20] loss: 0.133
[29,    25] loss: 0.565
[29,    30] loss: 0.300
[30,     5] loss: 0.204
[30,    10] loss: 0.110
[30,    15] loss: 0.292
[30,    20] loss: 0.380
[30,    25] loss: 0.415
[30,    30] loss: 0.133
[31,     5] loss: 0.301
[31,    10] loss: 0.069
[31,    15] loss: 0.253
[31,    20] loss: 0.672
[31,    25] loss: 0.564
[31,    30] loss: 0.295
[32,     5] loss: 0.414
[32,    10] loss: 0.331
[32,    15] loss: 0.501
[32,    20] loss: 0.224
[32,    25] loss: 0.272
[32,    30] loss: 0.270
[33,     5] loss: 0.218
[33,    10] loss: 0.301
[33,    15] loss: 0.159
[33,    20] loss: 0.390
[33,    25] loss: 0.071
[33,    30] loss: 0.349
[34,     5] loss: 0.177
[34,    10] loss: 0.524
[34,    15] loss: 0.379
[34,    20] loss: 0.523
[34,    25] loss: 0.309
[34,    30] loss: 0.153
[35,     5] loss: 0.328
[35,    10] loss: 0.368
[35,    15] loss: 0.174
[35,    20] loss: 0.192
[35,    25] loss: 0.183
[35,    30] loss: 0.386
[36,     5] loss: 0.172
[36,    10] loss: 0.204
[36,    15] loss: 0.270
[36,    20] loss: 0.169
[36,    25] loss: 0.266
[36,    30] loss: 0.186
[37,     5] loss: 0.151
[37,    10] loss: 0.517
[37,    15] loss: 0.355
[37,    20] loss: 0.531
[37,    25] loss: 0.186
[37,    30] loss: 0.228
[38,     5] loss: 0.134
[38,    10] loss: 0.320
[38,    15] loss: 0.318
[38,    20] loss: 0.398
[38,    25] loss: 0.118
[38,    30] loss: 0.378
[39,     5] loss: 0.154
[39,    10] loss: 0.137
[39,    15] loss: 0.617
[39,    20] loss: 0.250
[39,    25] loss: 0.082
[39,    30] loss: 0.256
[40,     5] loss: 0.153
[40,    10] loss: 0.231
[40,    15] loss: 0.247
[40,    20] loss: 0.447
[40,    25] loss: 0.235
[40,    30] loss: 0.216
[41,     5] loss: 0.414
[41,    10] loss: 0.362
[41,    15] loss: 0.452
[41,    20] loss: 0.256
[41,    25] loss: 0.203
[41,    30] loss: 0.273
[42,     5] loss: 0.082
[42,    10] loss: 0.589
[42,    15] loss: 0.274
[42,    20] loss: 0.139
[42,    25] loss: 0.288
[42,    30] loss: 0.321
[43,     5] loss: 0.222
[43,    10] loss: 0.175
[43,    15] loss: 0.173
[43,    20] loss: 0.586
[43,    25] loss: 0.272
[43,    30] loss: 0.120
[44,     5] loss: 0.163
[44,    10] loss: 0.186
[44,    15] loss: 0.421
[44,    20] loss: 0.480
[44,    25] loss: 0.556
[44,    30] loss: 0.293
[45,     5] loss: 0.173
[45,    10] loss: 0.266
[45,    15] loss: 0.737
[45,    20] loss: 0.281
[45,    25] loss: 0.202
[45,    30] loss: 0.482
[46,     5] loss: 0.460
[46,    10] loss: 0.120
[46,    15] loss: 0.792
[46,    20] loss: 0.480
[46,    25] loss: 0.131
[46,    30] loss: 0.241
[47,     5] loss: 0.276
[47,    10] loss: 0.092
[47,    15] loss: 0.257
[47,    20] loss: 0.408
[47,    25] loss: 0.108
[47,    30] loss: 0.181
[48,     5] loss: 0.283
[48,    10] loss: 0.170
[48,    15] loss: 0.307
[48,    20] loss: 0.207
[48,    25] loss: 0.202
[48,    30] loss: 0.194
[49,     5] loss: 0.134
[49,    10] loss: 0.570
[49,    15] loss: 0.608
[49,    20] loss: 0.255
[49,    25] loss: 0.340
[49,    30] loss: 0.176
[50,     5] loss: 0.327
[50,    10] loss: 0.046
[50,    15] loss: 0.100
[50,    20] loss: 0.151
[50,    25] loss: 0.422
[50,    30] loss: 0.244
[51,     5] loss: 0.155
[51,    10] loss: 0.208
[51,    15] loss: 0.184
[51,    20] loss: 0.326
[51,    25] loss: 0.187
[51,    30] loss: 0.332
[52,     5] loss: 0.117
[52,    10] loss: 0.196
[52,    15] loss: 0.144
[52,    20] loss: 0.226
[52,    25] loss: 0.137
[52,    30] loss: 0.260
[53,     5] loss: 0.361
[53,    10] loss: 0.069
[53,    15] loss: 0.100
[53,    20] loss: 0.490
[53,    25] loss: 0.255
[53,    30] loss: 0.407
[54,     5] loss: 0.058
[54,    10] loss: 0.056
[54,    15] loss: 0.460
[54,    20] loss: 0.172
[54,    25] loss: 0.194
[54,    30] loss: 0.140
[55,     5] loss: 0.315
[55,    10] loss: 0.160
[55,    15] loss: 0.571
[55,    20] loss: 0.134
[55,    25] loss: 0.100
[55,    30] loss: 0.533
[56,     5] loss: 0.049
[56,    10] loss: 0.209
[56,    15] loss: 0.239
[56,    20] loss: 0.131
[56,    25] loss: 0.205
[56,    30] loss: 0.055
[57,     5] loss: 0.259
[57,    10] loss: 0.144
[57,    15] loss: 0.186
[57,    20] loss: 0.202
[57,    25] loss: 0.390
[57,    30] loss: 0.061
[58,     5] loss: 0.072
[58,    10] loss: 0.175
[58,    15] loss: 0.094
[58,    20] loss: 0.351
[58,    25] loss: 0.414
[58,    30] loss: 0.156
[59,     5] loss: 0.056
[59,    10] loss: 0.393
[59,    15] loss: 0.564
[59,    20] loss: 0.137
[59,    25] loss: 0.336
[59,    30] loss: 0.501
[60,     5] loss: 0.240
[60,    10] loss: 0.416
[60,    15] loss: 0.060
[60,    20] loss: 0.412
[60,    25] loss: 0.402
[60,    30] loss: 0.162
[61,     5] loss: 0.183
[61,    10] loss: 0.119
[61,    15] loss: 0.189
[61,    20] loss: 0.297
[61,    25] loss: 0.157
[61,    30] loss: 0.112
[62,     5] loss: 0.169
[62,    10] loss: 0.139
[62,    15] loss: 0.227
[62,    20] loss: 0.199
[62,    25] loss: 0.164
[62,    30] loss: 0.580
[63,     5] loss: 0.100
[63,    10] loss: 0.321
[63,    15] loss: 0.233
[63,    20] loss: 0.293
[63,    25] loss: 0.265
[63,    30] loss: 0.070
[64,     5] loss: 0.054
[64,    10] loss: 0.194
[64,    15] loss: 0.305
[64,    20] loss: 0.029
[64,    25] loss: 0.369
[64,    30] loss: 0.141
[65,     5] loss: 0.192
[65,    10] loss: 0.220
[65,    15] loss: 0.148
[65,    20] loss: 0.232
[65,    25] loss: 0.187
[65,    30] loss: 0.380
[66,     5] loss: 0.304
[66,    10] loss: 0.047
[66,    15] loss: 0.197
[66,    20] loss: 0.235
[66,    25] loss: 0.043
[66,    30] loss: 0.223
[67,     5] loss: 0.322
[67,    10] loss: 0.388
[67,    15] loss: 0.222
[67,    20] loss: 0.361
[67,    25] loss: 0.144
[67,    30] loss: 0.379
[68,     5] loss: 0.255
[68,    10] loss: 0.242
[68,    15] loss: 0.146
[68,    20] loss: 0.174
[68,    25] loss: 0.172
[68,    30] loss: 0.915
[69,     5] loss: 0.136
[69,    10] loss: 0.171
[69,    15] loss: 0.183
[69,    20] loss: 0.367
[69,    25] loss: 0.379
[69,    30] loss: 0.132
[70,     5] loss: 0.278
[70,    10] loss: 0.311
[70,    15] loss: 0.155
[70,    20] loss: 0.162
[70,    25] loss: 0.261
[70,    30] loss: 0.148
[71,     5] loss: 0.043
[71,    10] loss: 0.247
[71,    15] loss: 0.097
[71,    20] loss: 0.555
[71,    25] loss: 0.174
[71,    30] loss: 0.202
[72,     5] loss: 0.026
[72,    10] loss: 0.187
[72,    15] loss: 0.370
[72,    20] loss: 0.093
[72,    25] loss: 0.213
[72,    30] loss: 0.840
[73,     5] loss: 0.223
[73,    10] loss: 0.151
[73,    15] loss: 0.182
[73,    20] loss: 0.422
[73,    25] loss: 0.251
[73,    30] loss: 0.351
[74,     5] loss: 0.330
[74,    10] loss: 0.219
[74,    15] loss: 0.093
[74,    20] loss: 0.226
[74,    25] loss: 0.296
[74,    30] loss: 0.265
[75,     5] loss: 0.811
[75,    10] loss: 0.038
[75,    15] loss: 0.112
[75,    20] loss: 0.067
[75,    25] loss: 0.370
[75,    30] loss: 0.031
[76,     5] loss: 0.210
[76,    10] loss: 0.168
[76,    15] loss: 0.216
[76,    20] loss: 0.187
[76,    25] loss: 0.137
[76,    30] loss: 0.200
[77,     5] loss: 0.347
[77,    10] loss: 0.180
[77,    15] loss: 0.310
[77,    20] loss: 0.242
[77,    25] loss: 0.467
[77,    30] loss: 0.258
[78,     5] loss: 0.524
[78,    10] loss: 0.111
[78,    15] loss: 0.101
[78,    20] loss: 0.353
[78,    25] loss: 0.056
[78,    30] loss: 0.244
[79,     5] loss: 0.512
[79,    10] loss: 0.192
[79,    15] loss: 0.165
[79,    20] loss: 0.379
[79,    25] loss: 0.370
[79,    30] loss: 0.209
[80,     5] loss: 0.088
[80,    10] loss: 0.542
[80,    15] loss: 0.353
[80,    20] loss: 0.187
[80,    25] loss: 0.242
[80,    30] loss: 0.127
[81,     5] loss: 0.195
[81,    10] loss: 0.184
[81,    15] loss: 0.611
[81,    20] loss: 0.528
[81,    25] loss: 0.410
[81,    30] loss: 0.097
[82,     5] loss: 0.174
[82,    10] loss: 0.333
[82,    15] loss: 0.031
[82,    20] loss: 0.220
[82,    25] loss: 0.082
[82,    30] loss: 0.513
[83,     5] loss: 0.209
[83,    10] loss: 0.102
[83,    15] loss: 0.257
[83,    20] loss: 0.112
[83,    25] loss: 0.108
[83,    30] loss: 0.104
[84,     5] loss: 0.220
[84,    10] loss: 0.071
[84,    15] loss: 0.064
[84,    20] loss: 0.695
[84,    25] loss: 0.198
[84,    30] loss: 0.586
[85,     5] loss: 0.454
[85,    10] loss: 0.167
[85,    15] loss: 0.171
[85,    20] loss: 0.168
[85,    25] loss: 0.138
[85,    30] loss: 0.141
[86,     5] loss: 0.121
[86,    10] loss: 0.086
[86,    15] loss: 0.367
[86,    20] loss: 0.200
[86,    25] loss: 0.243
[86,    30] loss: 0.242
[87,     5] loss: 0.422
[87,    10] loss: 0.269
[87,    15] loss: 0.598
[87,    20] loss: 0.311
[87,    25] loss: 0.434
[87,    30] loss: 0.324
[88,     5] loss: 0.093
[88,    10] loss: 0.533
[88,    15] loss: 0.391
[88,    20] loss: 0.359
[88,    25] loss: 0.104
[88,    30] loss: 0.027
[89,     5] loss: 0.192
[89,    10] loss: 0.231
[89,    15] loss: 0.117
[89,    20] loss: 0.274
[89,    25] loss: 0.170
[89,    30] loss: 0.503
[90,     5] loss: 0.140
[90,    10] loss: 0.161
[90,    15] loss: 0.119
[90,    20] loss: 0.256
[90,    25] loss: 0.072
[90,    30] loss: 0.122
[91,     5] loss: 0.101
[91,    10] loss: 0.769
[91,    15] loss: 0.590
[91,    20] loss: 0.122
[91,    25] loss: 0.209
[91,    30] loss: 0.348
[92,     5] loss: 0.032
[92,    10] loss: 0.087
[92,    15] loss: 0.192
[92,    20] loss: 0.165
[92,    25] loss: 0.271
[92,    30] loss: 0.233
[93,     5] loss: 0.045
[93,    10] loss: 0.035
[93,    15] loss: 1.122
[93,    20] loss: 0.178
[93,    25] loss: 0.591
[93,    30] loss: 0.084
[94,     5] loss: 0.179
[94,    10] loss: 0.252
[94,    15] loss: 0.119
[94,    20] loss: 0.537
[94,    25] loss: 0.255
[94,    30] loss: 0.061
[95,     5] loss: 0.049
[95,    10] loss: 0.144
[95,    15] loss: 0.278
[95,    20] loss: 0.265
[95,    25] loss: 0.413
[95,    30] loss: 0.290
[96,     5] loss: 0.298
[96,    10] loss: 0.279
[96,    15] loss: 0.128
[96,    20] loss: 0.161
[96,    25] loss: 0.276
[96,    30] loss: 0.272
[97,     5] loss: 0.575
[97,    10] loss: 0.204
[97,    15] loss: 0.109
[97,    20] loss: 0.081
[97,    25] loss: 0.334
[97,    30] loss: 0.057
[98,     5] loss: 0.061
[98,    10] loss: 0.060
[98,    15] loss: 0.361
[98,    20] loss: 0.297
[98,    25] loss: 0.288
[98,    30] loss: 0.461
[99,     5] loss: 0.144
[99,    10] loss: 0.358
[99,    15] loss: 0.223
[99,    20] loss: 0.188
[99,    25] loss: 0.102
[99,    30] loss: 0.115
[100,     5] loss: 0.106
[100,    10] loss: 0.135
[100,    15] loss: 0.181
[100,    20] loss: 0.046
[100,    25] loss: 0.087
[100,    30] loss: 0.316
Accuracy of the network on the 30 test images: 76 %
[1,     5] loss: 1.143
[1,    10] loss: 1.193
[1,    15] loss: 1.233
[1,    20] loss: 1.070
[1,    25] loss: 1.426
[1,    30] loss: 1.426
[1,    35] loss: 0.915
[1,    40] loss: 0.997
[2,     5] loss: 0.891
[2,    10] loss: 1.625
[2,    15] loss: 0.706
[2,    20] loss: 0.805
[2,    25] loss: 0.870
[2,    30] loss: 0.499
[2,    35] loss: 0.551
[2,    40] loss: 0.652
[3,     5] loss: 0.532
[3,    10] loss: 0.641
[3,    15] loss: 0.744
[3,    20] loss: 0.433
[3,    25] loss: 0.654
[3,    30] loss: 0.656
[3,    35] loss: 0.677
[3,    40] loss: 0.787
[4,     5] loss: 0.672
[4,    10] loss: 0.761
[4,    15] loss: 0.997
[4,    20] loss: 0.403
[4,    25] loss: 0.484
[4,    30] loss: 0.619
[4,    35] loss: 0.548
[4,    40] loss: 0.687
[5,     5] loss: 0.410
[5,    10] loss: 0.967
[5,    15] loss: 0.825
[5,    20] loss: 1.005
[5,    25] loss: 0.881
[5,    30] loss: 0.820
[5,    35] loss: 0.996
[5,    40] loss: 0.529
[6,     5] loss: 0.866
[6,    10] loss: 0.774
[6,    15] loss: 0.492
[6,    20] loss: 0.471
[6,    25] loss: 0.429
[6,    30] loss: 0.793
[6,    35] loss: 0.469
[6,    40] loss: 0.416
[7,     5] loss: 0.332
[7,    10] loss: 0.756
[7,    15] loss: 0.959
[7,    20] loss: 0.782
[7,    25] loss: 0.846
[7,    30] loss: 0.902
[7,    35] loss: 0.416
[7,    40] loss: 0.618
[8,     5] loss: 0.459
[8,    10] loss: 0.458
[8,    15] loss: 0.470
[8,    20] loss: 0.270
[8,    25] loss: 0.503
[8,    30] loss: 0.668
[8,    35] loss: 0.367
[8,    40] loss: 0.422
[9,     5] loss: 0.555
[9,    10] loss: 0.892
[9,    15] loss: 0.353
[9,    20] loss: 0.506
[9,    25] loss: 0.309
[9,    30] loss: 0.759
[9,    35] loss: 0.357
[9,    40] loss: 0.491
[10,     5] loss: 0.314
[10,    10] loss: 0.297
[10,    15] loss: 0.518
[10,    20] loss: 0.372
[10,    25] loss: 0.157
[10,    30] loss: 0.389
[10,    35] loss: 0.530
[10,    40] loss: 0.339
[11,     5] loss: 0.298
[11,    10] loss: 0.477
[11,    15] loss: 0.498
[11,    20] loss: 0.631
[11,    25] loss: 0.540
[11,    30] loss: 0.388
[11,    35] loss: 0.663
[11,    40] loss: 0.404
[12,     5] loss: 0.345
[12,    10] loss: 0.439
[12,    15] loss: 0.295
[12,    20] loss: 0.232
[12,    25] loss: 0.779
[12,    30] loss: 0.574
[12,    35] loss: 0.765
[12,    40] loss: 0.680
[13,     5] loss: 0.436
[13,    10] loss: 0.837
[13,    15] loss: 1.017
[13,    20] loss: 0.477
[13,    25] loss: 0.836
[13,    30] loss: 0.395
[13,    35] loss: 0.509
[13,    40] loss: 0.278
[14,     5] loss: 0.228
[14,    10] loss: 0.356
[14,    15] loss: 0.356
[14,    20] loss: 0.583
[14,    25] loss: 0.375
[14,    30] loss: 0.385
[14,    35] loss: 0.251
[14,    40] loss: 0.439
[15,     5] loss: 0.220
[15,    10] loss: 0.725
[15,    15] loss: 0.369
[15,    20] loss: 0.359
[15,    25] loss: 0.330
[15,    30] loss: 0.309
[15,    35] loss: 0.307
[15,    40] loss: 0.445
[16,     5] loss: 0.235
[16,    10] loss: 0.412
[16,    15] loss: 0.706
[16,    20] loss: 1.303
[16,    25] loss: 0.772
[16,    30] loss: 1.065
[16,    35] loss: 0.302
[16,    40] loss: 0.489
[17,     5] loss: 1.017
[17,    10] loss: 0.312
[17,    15] loss: 0.225
[17,    20] loss: 0.280
[17,    25] loss: 0.121
[17,    30] loss: 0.729
[17,    35] loss: 0.345
[17,    40] loss: 0.522
[18,     5] loss: 0.234
[18,    10] loss: 0.376
[18,    15] loss: 0.296
[18,    20] loss: 0.394
[18,    25] loss: 0.213
[18,    30] loss: 0.604
[18,    35] loss: 0.358
[18,    40] loss: 0.459
[19,     5] loss: 0.164
[19,    10] loss: 0.558
[19,    15] loss: 0.158
[19,    20] loss: 0.127
[19,    25] loss: 0.411
[19,    30] loss: 0.367
[19,    35] loss: 0.297
[19,    40] loss: 0.431
[20,     5] loss: 0.813
[20,    10] loss: 0.371
[20,    15] loss: 0.137
[20,    20] loss: 0.740
[20,    25] loss: 0.405
[20,    30] loss: 0.211
[20,    35] loss: 0.312
[20,    40] loss: 0.358
[21,     5] loss: 0.361
[21,    10] loss: 0.728
[21,    15] loss: 0.277
[21,    20] loss: 0.372
[21,    25] loss: 0.251
[21,    30] loss: 0.368
[21,    35] loss: 0.447
[21,    40] loss: 0.144
[22,     5] loss: 0.654
[22,    10] loss: 0.385
[22,    15] loss: 0.270
[22,    20] loss: 0.247
[22,    25] loss: 0.407
[22,    30] loss: 0.159
[22,    35] loss: 0.351
[22,    40] loss: 0.367
[23,     5] loss: 0.349
[23,    10] loss: 0.249
[23,    15] loss: 0.385
[23,    20] loss: 0.521
[23,    25] loss: 0.346
[23,    30] loss: 0.633
[23,    35] loss: 0.249
[23,    40] loss: 0.384
[24,     5] loss: 0.272
[24,    10] loss: 0.778
[24,    15] loss: 0.384
[24,    20] loss: 0.587
[24,    25] loss: 0.348
[24,    30] loss: 0.169
[24,    35] loss: 0.706
[24,    40] loss: 0.408
[25,     5] loss: 0.118
[25,    10] loss: 0.431
[25,    15] loss: 0.847
[25,    20] loss: 0.562
[25,    25] loss: 0.753
[25,    30] loss: 0.733
[25,    35] loss: 0.163
[25,    40] loss: 0.637
[26,     5] loss: 0.770
[26,    10] loss: 0.112
[26,    15] loss: 0.326
[26,    20] loss: 0.148
[26,    25] loss: 0.157
[26,    30] loss: 0.264
[26,    35] loss: 0.439
[26,    40] loss: 0.190
[27,     5] loss: 0.474
[27,    10] loss: 0.240
[27,    15] loss: 0.199
[27,    20] loss: 0.429
[27,    25] loss: 0.223
[27,    30] loss: 0.166
[27,    35] loss: 0.610
[27,    40] loss: 0.507
[28,     5] loss: 0.356
[28,    10] loss: 0.131
[28,    15] loss: 0.199
[28,    20] loss: 0.352
[28,    25] loss: 0.573
[28,    30] loss: 0.480
[28,    35] loss: 0.148
[28,    40] loss: 0.271
[29,     5] loss: 0.388
[29,    10] loss: 0.563
[29,    15] loss: 0.332
[29,    20] loss: 0.230
[29,    25] loss: 0.393
[29,    30] loss: 0.200
[29,    35] loss: 0.243
[29,    40] loss: 0.457
[30,     5] loss: 0.126
[30,    10] loss: 0.533
[30,    15] loss: 0.256
[30,    20] loss: 0.242
[30,    25] loss: 0.584
[30,    30] loss: 0.193
[30,    35] loss: 0.429
[30,    40] loss: 0.446
[31,     5] loss: 0.126
[31,    10] loss: 0.753
[31,    15] loss: 0.222
[31,    20] loss: 0.063
[31,    25] loss: 0.271
[31,    30] loss: 0.237
[31,    35] loss: 0.528
[31,    40] loss: 0.278
[32,     5] loss: 0.147
[32,    10] loss: 0.715
[32,    15] loss: 0.188
[32,    20] loss: 0.432
[32,    25] loss: 0.386
[32,    30] loss: 0.301
[32,    35] loss: 0.377
[32,    40] loss: 0.368
[33,     5] loss: 0.220
[33,    10] loss: 0.620
[33,    15] loss: 0.382
[33,    20] loss: 0.440
[33,    25] loss: 0.583
[33,    30] loss: 0.443
[33,    35] loss: 0.168
[33,    40] loss: 0.432
[34,     5] loss: 0.306
[34,    10] loss: 0.310
[34,    15] loss: 0.312
[34,    20] loss: 0.205
[34,    25] loss: 0.249
[34,    30] loss: 0.290
[34,    35] loss: 0.281
[34,    40] loss: 0.303
[35,     5] loss: 0.204
[35,    10] loss: 0.250
[35,    15] loss: 0.164
[35,    20] loss: 0.438
[35,    25] loss: 0.163
[35,    30] loss: 0.493
[35,    35] loss: 0.189
[35,    40] loss: 0.203
[36,     5] loss: 0.388
[36,    10] loss: 0.203
[36,    15] loss: 0.421
[36,    20] loss: 0.265
[36,    25] loss: 0.103
[36,    30] loss: 0.070
[36,    35] loss: 0.245
[36,    40] loss: 0.248
[37,     5] loss: 0.257
[37,    10] loss: 0.172
[37,    15] loss: 0.591
[37,    20] loss: 0.275
[37,    25] loss: 0.223
[37,    30] loss: 0.291
[37,    35] loss: 0.403
[37,    40] loss: 0.187
[38,     5] loss: 0.280
[38,    10] loss: 0.284
[38,    15] loss: 0.092
[38,    20] loss: 0.261
[38,    25] loss: 0.259
[38,    30] loss: 0.444
[38,    35] loss: 0.132
[38,    40] loss: 0.486
[39,     5] loss: 0.260
[39,    10] loss: 0.300
[39,    15] loss: 0.772
[39,    20] loss: 0.303
[39,    25] loss: 0.918
[39,    30] loss: 0.268
[39,    35] loss: 0.319
[39,    40] loss: 1.114
[40,     5] loss: 0.682
[40,    10] loss: 0.383
[40,    15] loss: 1.026
[40,    20] loss: 0.083
[40,    25] loss: 0.841
[40,    30] loss: 0.505
[40,    35] loss: 0.337
[40,    40] loss: 0.491
[41,     5] loss: 0.399
[41,    10] loss: 0.707
[41,    15] loss: 0.405
[41,    20] loss: 0.455
[41,    25] loss: 0.251
[41,    30] loss: 0.211
[41,    35] loss: 0.134
[41,    40] loss: 0.167
[42,     5] loss: 0.220
[42,    10] loss: 0.435
[42,    15] loss: 0.290
[42,    20] loss: 0.233
[42,    25] loss: 0.184
[42,    30] loss: 0.134
[42,    35] loss: 0.454
[42,    40] loss: 0.632
[43,     5] loss: 0.339
[43,    10] loss: 0.389
[43,    15] loss: 0.059
[43,    20] loss: 0.292
[43,    25] loss: 0.278
[43,    30] loss: 0.404
[43,    35] loss: 0.081
[43,    40] loss: 0.149
[44,     5] loss: 0.124
[44,    10] loss: 0.163
[44,    15] loss: 0.295
[44,    20] loss: 0.361
[44,    25] loss: 0.263
[44,    30] loss: 0.391
[44,    35] loss: 0.681
[44,    40] loss: 0.351
[45,     5] loss: 0.645
[45,    10] loss: 0.342
[45,    15] loss: 0.358
[45,    20] loss: 0.244
[45,    25] loss: 0.112
[45,    30] loss: 0.894
[45,    35] loss: 0.440
[45,    40] loss: 0.723
[46,     5] loss: 0.353
[46,    10] loss: 0.347
[46,    15] loss: 0.147
[46,    20] loss: 0.242
[46,    25] loss: 0.332
[46,    30] loss: 0.195
[46,    35] loss: 0.672
[46,    40] loss: 0.123
[47,     5] loss: 0.183
[47,    10] loss: 0.779
[47,    15] loss: 0.284
[47,    20] loss: 0.414
[47,    25] loss: 0.433
[47,    30] loss: 0.169
[47,    35] loss: 0.220
[47,    40] loss: 0.262
[48,     5] loss: 0.307
[48,    10] loss: 0.258
[48,    15] loss: 0.326
[48,    20] loss: 0.198
[48,    25] loss: 0.485
[48,    30] loss: 0.316
[48,    35] loss: 0.676
[48,    40] loss: 0.317
[49,     5] loss: 0.092
[49,    10] loss: 0.332
[49,    15] loss: 0.154
[49,    20] loss: 0.227
[49,    25] loss: 0.364
[49,    30] loss: 0.219
[49,    35] loss: 0.148
[49,    40] loss: 0.087
[50,     5] loss: 0.303
[50,    10] loss: 0.436
[50,    15] loss: 0.185
[50,    20] loss: 0.202
[50,    25] loss: 0.192
[50,    30] loss: 0.256
[50,    35] loss: 0.342
[50,    40] loss: 0.132
[51,     5] loss: 0.600
[51,    10] loss: 0.402
[51,    15] loss: 0.278
[51,    20] loss: 0.420
[51,    25] loss: 0.079
[51,    30] loss: 0.282
[51,    35] loss: 0.066
[51,    40] loss: 0.351
[52,     5] loss: 0.197
[52,    10] loss: 0.164
[52,    15] loss: 0.468
[52,    20] loss: 0.268
[52,    25] loss: 0.216
[52,    30] loss: 0.128
[52,    35] loss: 0.385
[52,    40] loss: 0.172
[53,     5] loss: 0.399
[53,    10] loss: 0.318
[53,    15] loss: 0.252
[53,    20] loss: 0.280
[53,    25] loss: 0.263
[53,    30] loss: 0.495
[53,    35] loss: 0.262
[53,    40] loss: 0.118
[54,     5] loss: 0.531
[54,    10] loss: 0.084
[54,    15] loss: 0.286
[54,    20] loss: 0.250
[54,    25] loss: 0.576
[54,    30] loss: 0.311
[54,    35] loss: 0.085
[54,    40] loss: 0.121
[55,     5] loss: 0.344
[55,    10] loss: 0.071
[55,    15] loss: 0.097
[55,    20] loss: 0.390
[55,    25] loss: 0.105
[55,    30] loss: 0.226
[55,    35] loss: 0.057
[55,    40] loss: 0.248
[56,     5] loss: 0.175
[56,    10] loss: 0.277
[56,    15] loss: 0.420
[56,    20] loss: 0.280
[56,    25] loss: 0.124
[56,    30] loss: 0.344
[56,    35] loss: 0.374
[56,    40] loss: 0.328
[57,     5] loss: 0.698
[57,    10] loss: 0.371
[57,    15] loss: 0.256
[57,    20] loss: 0.234
[57,    25] loss: 0.415
[57,    30] loss: 0.159
[57,    35] loss: 0.288
[57,    40] loss: 0.414
[58,     5] loss: 0.216
[58,    10] loss: 0.226
[58,    15] loss: 0.191
[58,    20] loss: 0.452
[58,    25] loss: 0.165
[58,    30] loss: 0.155
[58,    35] loss: 0.589
[58,    40] loss: 0.316
[59,     5] loss: 0.254
[59,    10] loss: 0.328
[59,    15] loss: 0.173
[59,    20] loss: 0.378
[59,    25] loss: 0.175
[59,    30] loss: 0.456
[59,    35] loss: 0.063
[59,    40] loss: 0.231
[60,     5] loss: 0.443
[60,    10] loss: 0.246
[60,    15] loss: 0.448
[60,    20] loss: 0.648
[60,    25] loss: 0.310
[60,    30] loss: 0.135
[60,    35] loss: 0.332
[60,    40] loss: 0.499
[61,     5] loss: 0.142
[61,    10] loss: 0.383
[61,    15] loss: 0.476
[61,    20] loss: 0.337
[61,    25] loss: 0.468
[61,    30] loss: 0.124
[61,    35] loss: 0.245
[61,    40] loss: 0.133
[62,     5] loss: 0.435
[62,    10] loss: 0.343
[62,    15] loss: 0.179
[62,    20] loss: 0.202
[62,    25] loss: 0.201
[62,    30] loss: 0.242
[62,    35] loss: 0.082
[62,    40] loss: 0.574
[63,     5] loss: 0.163
[63,    10] loss: 0.186
[63,    15] loss: 0.204
[63,    20] loss: 0.132
[63,    25] loss: 0.099
[63,    30] loss: 0.584
[63,    35] loss: 0.127
[63,    40] loss: 0.281
[64,     5] loss: 0.137
[64,    10] loss: 0.113
[64,    15] loss: 0.392
[64,    20] loss: 0.098
[64,    25] loss: 0.290
[64,    30] loss: 0.220
[64,    35] loss: 0.067
[64,    40] loss: 0.296
[65,     5] loss: 0.191
[65,    10] loss: 1.601
[65,    15] loss: 0.167
[65,    20] loss: 0.305
[65,    25] loss: 0.120
[65,    30] loss: 0.463
[65,    35] loss: 0.258
[65,    40] loss: 0.132
[66,     5] loss: 0.191
[66,    10] loss: 0.252
[66,    15] loss: 0.066
[66,    20] loss: 0.300
[66,    25] loss: 0.399
[66,    30] loss: 0.195
[66,    35] loss: 0.067
[66,    40] loss: 0.317
[67,     5] loss: 0.129
[67,    10] loss: 0.247
[67,    15] loss: 0.118
[67,    20] loss: 0.279
[67,    25] loss: 0.194
[67,    30] loss: 0.138
[67,    35] loss: 0.264
[67,    40] loss: 0.162
[68,     5] loss: 0.072
[68,    10] loss: 0.266
[68,    15] loss: 0.239
[68,    20] loss: 0.468
[68,    25] loss: 0.346
[68,    30] loss: 0.090
[68,    35] loss: 0.574
[68,    40] loss: 0.432
[69,     5] loss: 0.184
[69,    10] loss: 0.472
[69,    15] loss: 0.223
[69,    20] loss: 0.248
[69,    25] loss: 0.351
[69,    30] loss: 0.088
[69,    35] loss: 0.240
[69,    40] loss: 0.122
[70,     5] loss: 0.388
[70,    10] loss: 0.333
[70,    15] loss: 0.231
[70,    20] loss: 0.223
[70,    25] loss: 0.178
[70,    30] loss: 0.561
[70,    35] loss: 0.284
[70,    40] loss: 0.117
[71,     5] loss: 0.286
[71,    10] loss: 0.275
[71,    15] loss: 0.277
[71,    20] loss: 0.083
[71,    25] loss: 0.376
[71,    30] loss: 0.239
[71,    35] loss: 0.172
[71,    40] loss: 0.472
[72,     5] loss: 0.666
[72,    10] loss: 0.288
[72,    15] loss: 0.435
[72,    20] loss: 0.243
[72,    25] loss: 0.192
[72,    30] loss: 0.056
[72,    35] loss: 0.255
[72,    40] loss: 0.869
[73,     5] loss: 0.036
[73,    10] loss: 0.908
[73,    15] loss: 0.449
[73,    20] loss: 0.405
[73,    25] loss: 0.662
[73,    30] loss: 0.155
[73,    35] loss: 0.147
[73,    40] loss: 0.104
[74,     5] loss: 0.309
[74,    10] loss: 0.331
[74,    15] loss: 0.454
[74,    20] loss: 0.210
[74,    25] loss: 0.214
[74,    30] loss: 0.288
[74,    35] loss: 0.609
[74,    40] loss: 0.162
[75,     5] loss: 0.218
[75,    10] loss: 0.084
[75,    15] loss: 0.396
[75,    20] loss: 0.148
[75,    25] loss: 0.119
[75,    30] loss: 0.152
[75,    35] loss: 0.464
[75,    40] loss: 0.431
[76,     5] loss: 0.179
[76,    10] loss: 0.131
[76,    15] loss: 0.192
[76,    20] loss: 0.252
[76,    25] loss: 0.318
[76,    30] loss: 0.235
[76,    35] loss: 0.102
[76,    40] loss: 0.547
[77,     5] loss: 0.224
[77,    10] loss: 0.297
[77,    15] loss: 0.334
[77,    20] loss: 0.205
[77,    25] loss: 0.266
[77,    30] loss: 0.730
[77,    35] loss: 0.091
[77,    40] loss: 0.550
[78,     5] loss: 0.177
[78,    10] loss: 0.224
[78,    15] loss: 0.392
[78,    20] loss: 0.517
[78,    25] loss: 0.225
[78,    30] loss: 0.204
[78,    35] loss: 0.309
[78,    40] loss: 0.229
[79,     5] loss: 0.233
[79,    10] loss: 0.156
[79,    15] loss: 0.103
[79,    20] loss: 0.331
[79,    25] loss: 0.330
[79,    30] loss: 0.327
[79,    35] loss: 0.498
[79,    40] loss: 0.573
[80,     5] loss: 0.154
[80,    10] loss: 0.163
[80,    15] loss: 0.140
[80,    20] loss: 0.574
[80,    25] loss: 0.203
[80,    30] loss: 0.043
[80,    35] loss: 0.497
[80,    40] loss: 0.198
[81,     5] loss: 0.182
[81,    10] loss: 0.121
[81,    15] loss: 0.290
[81,    20] loss: 0.273
[81,    25] loss: 0.133
[81,    30] loss: 0.414
[81,    35] loss: 0.324
[81,    40] loss: 0.124
[82,     5] loss: 0.068
[82,    10] loss: 0.287
[82,    15] loss: 0.310
[82,    20] loss: 0.238
[82,    25] loss: 0.049
[82,    30] loss: 0.718
[82,    35] loss: 0.336
[82,    40] loss: 0.321
[83,     5] loss: 0.220
[83,    10] loss: 0.129
[83,    15] loss: 0.092
[83,    20] loss: 0.255
[83,    25] loss: 0.262
[83,    30] loss: 0.230
[83,    35] loss: 0.235
[83,    40] loss: 0.246
[84,     5] loss: 0.090
[84,    10] loss: 0.185
[84,    15] loss: 0.148
[84,    20] loss: 0.099
[84,    25] loss: 0.320
[84,    30] loss: 0.181
[84,    35] loss: 0.168
[84,    40] loss: 0.185
[85,     5] loss: 0.339
[85,    10] loss: 0.356
[85,    15] loss: 0.106
[85,    20] loss: 0.092
[85,    25] loss: 0.599
[85,    30] loss: 0.280
[85,    35] loss: 0.123
[85,    40] loss: 0.173
[86,     5] loss: 0.274
[86,    10] loss: 0.994
[86,    15] loss: 0.272
[86,    20] loss: 0.402
[86,    25] loss: 0.499
[86,    30] loss: 0.235
[86,    35] loss: 0.313
[86,    40] loss: 0.166
[87,     5] loss: 0.193
[87,    10] loss: 0.327
[87,    15] loss: 0.286
[87,    20] loss: 0.157
[87,    25] loss: 0.535
[87,    30] loss: 0.200
[87,    35] loss: 0.115
[87,    40] loss: 0.333
[88,     5] loss: 0.212
[88,    10] loss: 0.281
[88,    15] loss: 0.117
[88,    20] loss: 0.420
[88,    25] loss: 0.301
[88,    30] loss: 0.242
[88,    35] loss: 0.211
[88,    40] loss: 0.226
[89,     5] loss: 0.086
[89,    10] loss: 0.109
[89,    15] loss: 0.283
[89,    20] loss: 0.313
[89,    25] loss: 0.150
[89,    30] loss: 0.264
[89,    35] loss: 0.085
[89,    40] loss: 0.214
[90,     5] loss: 0.265
[90,    10] loss: 0.512
[90,    15] loss: 0.303
[90,    20] loss: 0.330
[90,    25] loss: 0.171
[90,    30] loss: 0.252
[90,    35] loss: 0.198
[90,    40] loss: 0.278
[91,     5] loss: 0.256
[91,    10] loss: 0.178
[91,    15] loss: 0.143
[91,    20] loss: 0.243
[91,    25] loss: 0.176
[91,    30] loss: 0.158
[91,    35] loss: 0.109
[91,    40] loss: 0.094
[92,     5] loss: 0.372
[92,    10] loss: 0.191
[92,    15] loss: 0.338
[92,    20] loss: 0.168
[92,    25] loss: 0.093
[92,    30] loss: 0.130
[92,    35] loss: 0.069
[92,    40] loss: 0.369
[93,     5] loss: 0.160
[93,    10] loss: 0.609
[93,    15] loss: 0.124
[93,    20] loss: 0.231
[93,    25] loss: 0.173
[93,    30] loss: 0.160
[93,    35] loss: 0.377
[93,    40] loss: 0.079
[94,     5] loss: 0.486
[94,    10] loss: 0.296
[94,    15] loss: 0.511
[94,    20] loss: 0.254
[94,    25] loss: 0.259
[94,    30] loss: 0.170
[94,    35] loss: 0.225
[94,    40] loss: 0.217
[95,     5] loss: 0.239
[95,    10] loss: 0.746
[95,    15] loss: 0.386
[95,    20] loss: 0.505
[95,    25] loss: 0.296
[95,    30] loss: 0.315
[95,    35] loss: 0.166
[95,    40] loss: 0.630
[96,     5] loss: 0.221
[96,    10] loss: 0.143
[96,    15] loss: 0.568
[96,    20] loss: 0.134
[96,    25] loss: 0.037
[96,    30] loss: 0.157
[96,    35] loss: 0.195
[96,    40] loss: 0.693
[97,     5] loss: 0.563
[97,    10] loss: 0.065
[97,    15] loss: 0.531
[97,    20] loss: 0.331
[97,    25] loss: 0.111
[97,    30] loss: 0.373
[97,    35] loss: 0.169
[97,    40] loss: 0.205
[98,     5] loss: 0.067
[98,    10] loss: 0.615
[98,    15] loss: 0.293
[98,    20] loss: 0.230
[98,    25] loss: 0.212
[98,    30] loss: 0.354
[98,    35] loss: 0.378
[98,    40] loss: 0.118
[99,     5] loss: 0.066
[99,    10] loss: 0.126
[99,    15] loss: 0.263
[99,    20] loss: 0.188
[99,    25] loss: 0.335
[99,    30] loss: 0.425
[99,    35] loss: 0.126
[99,    40] loss: 0.109
[100,     5] loss: 0.156
[100,    10] loss: 0.297
[100,    15] loss: 0.445
[100,    20] loss: 0.582
[100,    25] loss: 0.230
[100,    30] loss: 0.249
[100,    35] loss: 0.036
[100,    40] loss: 0.294
Accuracy of the network on the 30 test images: 73 %
